0
0.4743
0.9486
1.4229
1.8972
2.3715
2.8458
3.3201
3.7944
4.2687
4.743
5.2173
5.6916
6.1659
6.6402
7.1145
7.5888
8.0631
8.5374
9.0117
9.486
9.9603
10.4346
10.9089
11.3832
11.8575
12.3318
12.8061
13.2804
13.7547
14.229
14.7033
15.1776
15.6519
16.1262
16.6005
17.0748
17.5491
18.0234
18.4977
18.972
19.4463
19.9206
20.3949
20.8692
21.3435
21.8178
22.2921
22.7664
23.2407
23.715
24.1893
24.6636
25.1379
25.6122
26.0865
26.5608
27.0351
27.5094
27.9837
28.458
28.9323
29.4066
29.8809
30.3552
30.8295
31.3038
31.7781
32.2524
32.7267
33.201
33.6753
34.1496
34.6239
35.0982
35.5725
36.0468
36.5211
36.9954
37.4697
37.944
38.4183
38.8926
39.3669
39.8412
40.3155
40.7898
41.2641
41.7384
42.2127
42.687
43.1613
43.6356
44.1099
44.5842
45.0585
45.5328
46.0071
46.4814
46.9557
47.43
47.9043
48.3786
48.8529
49.3272
49.8015
50.2758
50.7501
51.2244
51.6987
52.173
52.6473
53.1216
53.5959
54.0702
54.5445
55.0188
55.4931
55.9674
56.4417
56.916
57.3903
57.8646
58.3389
58.8132
59.2875
59.7618
60.2361
60.7104
61.1847
61.659
62.1333
62.6076
63.0819
63.5562
64.0305
64.5048
64.9791
65.4534
65.9277
66.402
66.8763
67.3506
67.8249
68.2992
68.7735
69.2478
69.7221
70.1964
70.6707
71.145
71.6193
72.0936
72.5679
73.0422
73.5165
73.9908
74.4651
74.9394
75.4137
75.888
76.3623
76.8366
77.3109
77.7852
78.2595
78.7338
79.2081
79.6824
80.1567
80.631
81.1053
81.5796
82.0539
82.5282
83.0025
83.4768
83.9511
84.4254
84.8997
85.374
85.8483
86.3226
86.7969
87.2712
87.7455
88.2198
88.6941
89.1684
89.6427
90.117
90.5913
91.0656
91.5399
92.0142
92.4885
92.9628
93.4371
93.9114
94.3857
94.86
95.3343
95.8086
96.2829
96.7572
97.2315
97.7058
98.1801
98.6544
99.1287
99.603
100.0773
100.5516
101.0259
101.5002
101.9745
102.4488
102.9231
103.3974
103.8717
104.346
104.8203
105.2946
105.7689
106.2432
106.7175
107.1918
107.6661
108.1404
108.6147
109.089
109.5633
110.0376
110.5119
110.9862
111.4605
111.9348
112.4091
112.8834
113.3577
113.832
114.3063
114.7806
115.2549
115.7292
116.2035
116.6778
117.1521
117.6264
118.1007
118.575
119.0493
119.5236
119.9979
120.4722
120.9465
121.4208
121.8951
122.3694
122.8437
123.318
123.7923
124.2666
124.7409
125.2152
125.6895
126.1638
126.6381
127.1124
127.5867
128.061
128.5353
129.0096
129.4839
129.9582
130.4325
130.9068
131.3811
131.8554
132.3297
132.804
133.2783
133.7526
134.2269
134.7012
135.1755
135.6498
136.1241
136.5984
137.0727
137.547
138.0213
138.4956
138.9699
139.4442
139.9185
140.3928
140.8671
141.3414
141.8157
142.29
142.7643
143.2386
143.7129
144.1872
144.6615
145.1358
145.6101
146.0844
146.5587
147.033
147.5073
147.9816
148.4559
148.9302
149.4045
149.8788
150.3531
150.8274
151.3017
151.776
152.2503
152.7246
153.1989
153.6732
154.1475
154.6218
155.0961
155.5704
156.0447
156.519
156.9933
157.4676
157.9419
158.4162
158.8905
159.3648
159.8391
160.3134
160.7877
161.262
161.7363
162.2106
162.6849
163.1592
163.6335
164.1078
164.5821
165.0564
165.5307
166.005
166.4793
166.9536
167.4279
167.9022
168.3765
168.8508
169.3251
169.7994
170.2737
170.748
171.2223
171.6966
172.1709
172.6452
173.1195
173.5938
174.0681
174.5424
175.0167
175.491
175.9653
176.4396
176.9139
177.3882
177.8625
178.3368
178.8111
179.2854
179.7597
180.234
180.7083
181.1826
181.6569
182.1312
182.6055
183.0798
183.5541
184.0284
184.5027
184.977
185.4513
185.9256
186.3999
186.8742
187.3485
187.8228
188.2971
188.7714
189.2457
189.72
190.1943
190.6686
191.1429
191.6172
192.0915
192.5658
193.0401
193.5144
193.9887
194.463
194.9373
195.4116
195.8859
196.3602
196.8345
197.3088
197.7831
198.2574
198.7317
199.206
199.6803
200.1546
200.6289
201.1032
201.5775
202.0518
202.5261
203.0004
203.4747
203.949
204.4233
204.8976
205.3719
205.8462
206.3205
206.7948
207.2691
207.7434
208.2177
208.692
209.1663
209.6406
210.1149
210.5892
211.0635
211.5378
212.0121
212.4864
212.9607
213.435
213.9093
214.3836
214.8579
215.3322
215.8065
216.2808
216.7551
217.2294
217.7037
218.178
218.6523
219.1266
219.6009
220.0752
220.5495
221.0238
221.4981
221.9724
222.4467
222.921
223.3953
223.8696
224.3439
224.8182
225.2925
225.7668
226.2411
226.7154
227.1897
227.664
228.1383
228.6126
229.0869
229.5612
230.0355
230.5098
230.9841
231.4584
231.9327
232.407
232.8813
233.3556
233.8299
234.3042
234.7785
235.2528
235.7271
236.2014
236.6757
237.15
237.6243
238.0986
238.5729
239.0472
239.5215
239.9958
240.4701
240.9444
241.4187
241.893
242.3673
242.8416
243.3159
243.7902
244.2645
244.7388
245.2131
245.6874
246.1617
246.636
247.1103
247.5846
248.0589
248.5332
249.0075
249.4818
249.9561
250.4304
250.9047
251.379
251.8533
252.3276
252.8019
253.2762
253.7505
254.2248
254.6991
255.1734
255.6477
256.122
256.5963
257.0706
257.5449
258.0192
258.4935
258.9678
259.4421
259.9164
260.3907
260.865
261.3393
261.8136
262.2879
262.7622
263.2365
263.7108
264.1851
264.6594
265.1337
265.608
266.0823
266.5566
267.0309
267.5052
267.9795
268.4538
268.9281
269.4024
269.8767
270.351
270.8253
271.2996
271.7739
272.2482
272.7225
273.1968
273.6711
274.1454
274.6197
275.094
275.5683
276.0426
276.5169
276.9912
277.4655
277.9398
278.4141
278.8884
279.3627
279.837
280.3113
280.7856
281.2599
281.7342
282.2085
282.6828
283.1571
283.6314
284.1057
284.58
285.0543
285.5286
286.0029
286.4772
286.9515
287.4258
287.9001
288.3744
288.8487
289.323
289.7973
290.2716
290.7459
291.2202
291.6945
292.1688
292.6431
293.1174
293.5917
294.066
294.5403
295.0146
295.4889
295.9632
296.4375
296.9118
297.3861
297.8604
298.3347
298.809
299.2833
299.7576
300.2319
300.7062
301.1805
301.6548
302.1291
302.6034
303.0777
303.552
304.0263
304.5006
304.9749
305.4492
305.9235
306.3978
306.8721
307.3464
307.8207
308.295
308.7693
309.2436
309.7179
310.1922
310.6665
311.1408
311.6151
312.0894
312.5637
313.038
313.5123
313.9866
314.4609
314.9352
315.4095
315.8838
316.3581
316.8324
317.3067
317.781
318.2553
318.7296
319.2039
319.6782
320.1525
320.6268
321.1011
321.5754
322.0497
322.524
322.9983
323.4726
323.9469
324.4212
324.8955
325.3698
325.8441
326.3184
326.7927
327.267
327.7413
328.2156
328.6899
329.1642
329.6385
330.1128
330.5871
331.0614
331.5357
332.01
332.4843
332.9586
333.4329
333.9072
334.3815
334.8558
335.3301
335.8044
336.2787
336.753
337.2273
337.7016
338.1759
338.6502
339.1245
339.5988
340.0731
340.5474
341.0217
341.496
341.9703
342.4446
342.9189
343.3932
343.8675
344.3418
344.8161
345.2904
345.7647
346.239
346.7133
347.1876
347.6619
348.1362
348.6105
349.0848
349.5591
350.0334
350.5077
350.982
351.4563
351.9306
352.4049
352.8792
353.3535
353.8278
354.3021
354.7764
355.2507
355.725
356.1993
356.6736
357.1479
357.6222
358.0965
358.5708
359.0451
359.5194
359.9937
